           #eigvals:     1.438     1.320     1.228     1.152     1.132     1.115     1.103     1.075     1.051     1.040 
           GS020redo     0.6609      0.0924     -0.1133      0.0556      0.0013      0.0005      0.0028     -0.0414      0.0008      0.0100             emmE
           GS021redo     0.6571      0.0930     -0.1108      0.0538      0.0043      0.0000      0.0046     -0.0386      0.0009      0.0062             emmE
            NCS_1671    -0.0154     -0.0441      0.0987     -0.1020      0.0012      0.0244     -0.0472      0.4449     -0.0162      0.7710             emmE
            NCS_1672    -0.0149     -0.0229      0.1339     -0.0964     -0.0378      0.0015      0.0075      0.2502     -0.0119     -0.1388             emmE
            NCS_1673     0.0305     -0.0153      0.0964     -0.0653     -0.0002     -0.0113      0.0098      0.2687     -0.0654     -0.2143             emmE
            NCS_1674    -0.0180     -0.0547      0.1402     -0.1155     -0.0053      0.0342      0.0491      0.3249     -0.0245     -0.5430             emmE
            NCS_1675    -0.0266     -0.0107      0.0805     -0.0189      0.0039     -0.0001      0.0088      0.2031      0.0036      0.0113             emmE
           GS012redo    -0.0021     -0.0703      0.1921     -0.3346     -0.0538      0.0481      0.0690     -0.2252      0.5889      0.1132             favE
            NCS_0471     0.0007     -0.0610      0.1788     -0.2926     -0.0293      0.0905      0.0278     -0.1689      0.2283     -0.1013             favE
            NCS_0473    -0.0071     -0.0530      0.1765     -0.3321     -0.0571      0.1368     -0.0092     -0.2308     -0.7631      0.0661             favE
            NCS_0476    -0.0199     -0.0420      0.2489     -0.2230     -0.0411      0.0918      0.0143     -0.3921     -0.0051      0.0478             favE
            NCS_0478    -0.1720      0.3848     -0.4029     -0.1620      0.0013      0.0036     -0.0111     -0.0744      0.0019     -0.0041             favE
            NCS_0479    -0.0670      0.0628      0.0645      0.0928      0.0076     -0.0265      0.0210      0.1232      0.0675     -0.0159             favE
            NCS_2554    -0.0509      0.0481      0.0594      0.0664     -0.0054     -0.0091      0.0068      0.1298      0.0265     -0.0589             favE
            NCS_2555    -0.0488      0.0698      0.0744      0.1213     -0.0048     -0.0196      0.0184      0.1091      0.0167     -0.0585             favE
              BC2563    -0.0569      0.0571      0.0402      0.0809      0.0091     -0.0281      0.0069      0.1231      0.0052      0.0195             emmW
              BC2577    -0.0572      0.0530      0.0744      0.0782      0.0097     -0.0172      0.0186      0.1166     -0.0057      0.0076             emmW
              BC2578    -0.1349      0.2665     -0.2273     -0.0612      0.0168     -0.0056      0.0021     -0.0090     -0.0007     -0.0046             emmW
              BC2579    -0.1674      0.3763     -0.3948     -0.1607     -0.0007      0.0073     -0.0132     -0.0703      0.0090      0.0004             emmW
       STRI_WOM_5732    -0.0355     -0.3196     -0.1430     -0.0438      0.1455     -0.3621     -0.8201     -0.0828      0.0205     -0.0500              phy
       STRI_WOM_5742    -0.0699     -0.4454     -0.3672      0.1594     -0.7536      0.1483      0.0820     -0.0228      0.0075      0.0018              phy
       STRI_WOM_5765    -0.0680     -0.3995     -0.2920      0.1360      0.5899      0.5748      0.1045     -0.0377      0.0223     -0.0024              phy
       STRI_WOM_5766    -0.0529     -0.2981     -0.1431     -0.0054      0.2273     -0.6885      0.5427     -0.1253     -0.0767      0.0453              phy
              BC2635    -0.0906      0.1152      0.2229      0.4179     -0.0246      0.0229     -0.0325     -0.2844     -0.0293      0.0438             favW
              BC2637    -0.0843      0.1102      0.1538      0.3741     -0.0008     -0.0060     -0.0281     -0.1316     -0.0011      0.0126             favW
              BC2638    -0.0889      0.1074      0.1588      0.3770     -0.0031     -0.0106     -0.0352     -0.1583      0.0000      0.0351             favW
