           #eigvals:     5.372     3.752     1.650     1.502     1.385     1.315     1.299     1.287     1.278     1.217 
           GS020redo     0.0571      0.1392      0.6651      0.0304      0.1165      0.0029      0.0404      0.0200      0.0016      0.0299             emmE
           GS021redo     0.0569      0.1389      0.6598      0.0324      0.1149      0.0051      0.0374      0.0193      0.0005      0.0264             emmE
            NCS_1671     0.0530      0.1195     -0.0260     -0.0216     -0.1181     -0.0179     -0.0724     -0.0461      0.0618     -0.5113             emmE
            NCS_1672     0.0529      0.1184     -0.0198      0.0020     -0.1526     -0.0394     -0.0611     -0.0627      0.0191     -0.2124             emmE
            NCS_1673     0.0537      0.1206      0.0146      0.0080     -0.1190     -0.0016     -0.0570     -0.0244      0.0057     -0.3436             emmE
            NCS_1674     0.0526      0.1191     -0.0257     -0.0338     -0.1706     -0.0231     -0.1057     -0.1103     -0.0199     -0.3199             emmE
            NCS_1675     0.0529      0.1191     -0.0314      0.0054     -0.1059      0.0124      0.0021     -0.0258     -0.0088     -0.2098             emmE
           GS012redo     0.0583      0.1358     -0.1498      0.3455      0.4419     -0.0066     -0.1700     -0.0273     -0.0076      0.0334             favE
            NCS_0471     0.0561      0.1221     -0.0677      0.0713     -0.0760     -0.0026      0.1093      0.0409     -0.0129     -0.0478             favE
            NCS_0473     0.0558      0.1218     -0.0525      0.0578     -0.0674     -0.0182      0.0744      0.0218     -0.0060     -0.0776             favE
            NCS_0476     0.0567      0.1248     -0.0448      0.0732     -0.0824      0.0012      0.1347      0.0379     -0.0019     -0.0464             favE
            NCS_0478     0.0564      0.1226     -0.0554      0.0612     -0.0522      0.0180      0.0958      0.0406     -0.0016     -0.0622             favE
            NCS_0479     0.0558      0.1251     -0.0523      0.0653     -0.0802      0.0113      0.0945      0.0214     -0.0102     -0.0576             favE
            NCS_2554     0.0571      0.1318     -0.1225      0.2525      0.2601      0.0159     -0.0711      0.0039     -0.0105     -0.0042             favE
            NCS_2555     0.0576      0.1343     -0.1427      0.3370      0.4312     -0.0046     -0.1638     -0.0307     -0.0053      0.0285             favE
        cyrCAM040545    -0.2123     -0.0665      0.0001      0.0019      0.0040      0.0001      0.0018      0.0006     -0.0012      0.0019             cyrN
        cyrCAM040578    -0.2150     -0.0679      0.0018      0.0008      0.0024      0.0011      0.0013      0.0011     -0.0005      0.0019             cyrN
        cyrCAM040584    -0.2157     -0.0684      0.0015      0.0013      0.0040      0.0011      0.0043      0.0011      0.0009      0.0008             cyrN
        cyrCAM040673    -0.2150     -0.0677      0.0005      0.0005      0.0024      0.0020      0.0024      0.0005     -0.0011     -0.0002             cyrN
        cyrCAM040692    -0.2150     -0.0679      0.0008      0.0019      0.0032     -0.0006      0.0032      0.0020     -0.0015      0.0021             cyrN
        cyrCAM040695    -0.2171     -0.0687      0.0018      0.0018      0.0032      0.0012     -0.0007      0.0007      0.0012     -0.0005             cyrN
        cyrCAM040842    -0.2152     -0.0683      0.0018      0.0028      0.0034      0.0007      0.0029      0.0025      0.0009      0.0019             cyrN
        cyrCAM040853    -0.2125     -0.0660      0.0007      0.0001      0.0029     -0.0009      0.0011      0.0008     -0.0009      0.0001             cyrN
        cyrCAM040860    -0.2141     -0.0675      0.0015      0.0013      0.0023      0.0003      0.0031      0.0005     -0.0005     -0.0026             cyrN
        cyrCAM040861    -0.2144     -0.0680      0.0004      0.0017      0.0022     -0.0008      0.0020      0.0021     -0.0020      0.0004             cyrN
              BC2565     0.1699     -0.2399      0.0047      0.0012      0.0078      0.0007      0.0011      0.0005     -0.0003     -0.0030             himS
              BC2566     0.1701     -0.2395      0.0053     -0.0005      0.0063      0.0001      0.0025      0.0014     -0.0013     -0.0023             himS
              BC2567     0.1690     -0.2374      0.0053      0.0006      0.0054     -0.0002      0.0002      0.0004      0.0001     -0.0021             himS
              BC2570     0.1707     -0.2421      0.0038      0.0003      0.0074      0.0005      0.0014     -0.0004      0.0005     -0.0038             himS
          himera_001     0.1760     -0.2540      0.0051      0.0026      0.0093      0.0006      0.0009      0.0011      0.0001     -0.0039             himN
          himera_002     0.1744     -0.2488      0.0045      0.0010      0.0095      0.0012      0.0013      0.0017     -0.0012     -0.0054             himN
          himera_003     0.1754     -0.2525      0.0041      0.0022      0.0105     -0.0010      0.0002      0.0013     -0.0014     -0.0046             himN
          himera_006     0.1740     -0.2495      0.0040      0.0021      0.0098      0.0000      0.0008      0.0000     -0.0004     -0.0045             himN
          himera_030     0.1754     -0.2518      0.0048      0.0024      0.0098      0.0004      0.0013      0.0007     -0.0007     -0.0052             himN
          cyrbia_004    -0.2170     -0.0687      0.0013      0.0021      0.0030      0.0004      0.0024     -0.0001     -0.0001      0.0007             cyrS
          cyrbia_005    -0.2160     -0.0688      0.0015      0.0012      0.0024      0.0013      0.0009      0.0013      0.0001      0.0009             cyrS
          cyrbia_023    -0.2176     -0.0694      0.0028      0.0026      0.0035      0.0004      0.0004     -0.0005      0.0006      0.0014             cyrS
          cyrbia_024    -0.2174     -0.0695      0.0009      0.0013      0.0020      0.0005      0.0023      0.0008      0.0008      0.0007             cyrS
              BC2563     0.0539      0.1147     -0.0118     -0.0427     -0.2064     -0.0603     -0.2971     -0.1763     -0.0100      0.3416             emmW
              BC2577     0.0535      0.1141     -0.0074     -0.0301     -0.2030     -0.0353     -0.2795     -0.1928      0.0152      0.2487             emmW
              BC2578     0.0542      0.1097     -0.0122     -0.0268     -0.1854     -0.0382     -0.2793     -0.1870      0.0206      0.2517             emmW
              BC2579     0.0603      0.0900     -0.0184     -0.0164     -0.1914     -0.0142     -0.1957     -0.1263      0.0033      0.1928             emmW
       STRI_WOM_5732     0.0552      0.1207     -0.0672     -0.3464      0.0892      0.0835     -0.2979      0.6949      0.4954      0.0508              phy
       STRI_WOM_5742     0.0547      0.1263     -0.0984     -0.4810      0.3201     -0.7303      0.2173     -0.1824      0.0220      0.0285              phy
       STRI_WOM_5765     0.0560      0.1271     -0.0941     -0.4518      0.2804      0.6558      0.1978     -0.4211      0.1384      0.0321              phy
       STRI_WOM_5766     0.0566      0.1228     -0.0665     -0.2776      0.0578      0.1367     -0.0785      0.3458     -0.8483      0.0498              phy
              BC2635     0.0680      0.0973     -0.0733      0.1185     -0.1450      0.0074      0.3545      0.1047      0.0574      0.2015             favW
              BC2637     0.0573      0.1266     -0.0784      0.1138     -0.1352      0.0186      0.3665      0.1167      0.0567      0.1921             favW
              BC2638     0.0569      0.1267     -0.0804      0.1205     -0.1381      0.0142      0.3674      0.1247      0.0532      0.2103             favW
