           #eigvals:     1.480     1.298     1.192     1.112     1.081     1.074     1.067     1.061     1.054     1.050 
           GS020redo     0.6478      0.1780     -0.0577     -0.0399     -0.0006     -0.0122      0.0284     -0.0111     -0.0256     -0.0158             emmE
           GS021redo     0.6435      0.1761     -0.0563     -0.0374     -0.0000     -0.0078      0.0206     -0.0104     -0.0137     -0.0135             emmE
            NCS_1671    -0.0161     -0.1327      0.1186      0.4341     -0.0928     -0.7715      0.3045      0.0679      0.1432     -0.0172             emmE
            NCS_1672    -0.0174     -0.1393      0.0907      0.2145     -0.0044      0.1426     -0.2588      0.1188     -0.0705     -0.8682             emmE
            NCS_1673     0.0306     -0.1022      0.0676      0.2467     -0.0528      0.2185     -0.4127      0.2451      0.7175      0.2781             emmE
            NCS_1674    -0.0187     -0.1672      0.1152      0.2667     -0.0245      0.5400      0.6896     -0.1801      0.1134     -0.0059             emmE
            NCS_1675    -0.0292     -0.0859      0.0273      0.2038      0.0118      0.0071     -0.0606     -0.0059     -0.2418      0.1150             emmE
           GS012redo    -0.0006     -0.2159      0.2955     -0.2489      0.6052     -0.1334     -0.1146     -0.5669      0.1818     -0.0205             favE
            NCS_0471     0.0020     -0.1998      0.2637     -0.2147      0.2078      0.0638      0.1581      0.5206     -0.2390      0.1949             favE
            NCS_0473    -0.0070     -0.1975      0.3015     -0.2851     -0.7522     -0.0140     -0.1209     -0.3469     -0.0605      0.0649             favE
            NCS_0476    -0.0223     -0.2326      0.1741     -0.4276     -0.0048     -0.0681      0.0399      0.3895      0.0102     -0.0626             favE
            NCS_0478    -0.2058      0.5336      0.1815     -0.0818     -0.0016     -0.0038      0.0586      0.0186      0.0714     -0.0493             favE
            NCS_0479    -0.0772     -0.0196     -0.1011      0.1308      0.0882      0.0274     -0.1638     -0.0611     -0.2465      0.1352             favE
            NCS_2554    -0.0590     -0.0231     -0.0724      0.1280      0.0388      0.0668     -0.0815      0.0024     -0.1871      0.0848             favE
            NCS_2555    -0.0612     -0.0189     -0.1350      0.1117      0.0264      0.0741     -0.1066     -0.0749     -0.2272      0.1738             favE
              BC2563    -0.0668     -0.0053     -0.0834      0.1388      0.0190     -0.0062     -0.1913     -0.0106     -0.2568      0.1646             emmW
              BC2577    -0.0679     -0.0332     -0.0893      0.1198     -0.0014      0.0145     -0.1199     -0.0649     -0.1225      0.0732             emmW
              BC2578    -0.1583      0.3244      0.0687     -0.0060     -0.0037      0.0065     -0.0201      0.0047     -0.0053      0.0093             emmW
              BC2579    -0.2004      0.5222      0.1803     -0.0786      0.0041     -0.0091      0.0697      0.0219      0.0716     -0.0490             emmW
              BC2635    -0.1088     -0.0822     -0.4603     -0.2879     -0.0437     -0.0655      0.1471      0.0554      0.1796     -0.1054             favW
              BC2637    -0.1006     -0.0379     -0.4097     -0.1289     -0.0089     -0.0222      0.0653     -0.0657      0.0796     -0.0294             favW
              BC2638    -0.1065     -0.0412     -0.4196     -0.1578     -0.0100     -0.0475      0.0691     -0.0465      0.1282     -0.0571             favW
