           #eigvals:     5.756     4.552     3.842     1.773     1.605     1.493     1.423     1.398     1.387     1.308 
           GS020redo     0.0739      0.0022     -0.1539      0.6620      0.0306      0.1198      0.0021     -0.0311     -0.0346     -0.0298             emmE
           GS021redo     0.0737      0.0020     -0.1538      0.6574      0.0328      0.1181      0.0041     -0.0293     -0.0325     -0.0251             emmE
            NCS_1671     0.0685      0.0016     -0.1303     -0.0291     -0.0309     -0.1223     -0.0130      0.0672      0.0507      0.4868             emmE
            NCS_1672     0.0691      0.0005     -0.1303     -0.0230     -0.0063     -0.1528     -0.0302      0.0416      0.0817      0.2033             emmE
            NCS_1673     0.0695      0.0025     -0.1319      0.0135      0.0018     -0.1188     -0.0014      0.0423      0.0473      0.3512             emmE
            NCS_1674     0.0681      0.0022     -0.1306     -0.0267     -0.0352     -0.1728     -0.0192      0.0650      0.1548      0.3166             emmE
            NCS_1675     0.0683      0.0019     -0.1305     -0.0325     -0.0005     -0.1080      0.0085     -0.0105      0.0233      0.2149             emmE
                3661    -0.0737      0.3367      0.0888      0.0010      0.0022      0.0038      0.0006     -0.0021     -0.0015     -0.0004              che
                3662    -0.0735      0.3356      0.0882      0.0017      0.0019      0.0039      0.0005     -0.0025     -0.0011     -0.0005              che
                3663    -0.0725      0.3361      0.0882      0.0014      0.0022      0.0029      0.0004     -0.0022     -0.0018      0.0004              che
                3664    -0.0735      0.3359      0.0884      0.0013      0.0020      0.0033      0.0005     -0.0019     -0.0008      0.0004              che
       STRI_WOM_0057    -0.0729      0.3342      0.0873      0.0020      0.0018      0.0036      0.0002     -0.0018     -0.0009      0.0001              che
       STRI_WOM_0058    -0.0746      0.3293      0.0874      0.0013      0.0022      0.0035      0.0007     -0.0016     -0.0014      0.0001              che
       STRI_WOM_0059    -0.0725      0.3358      0.0874      0.0015      0.0018      0.0043      0.0009     -0.0021     -0.0014     -0.0002              che
           GS012redo     0.0753      0.0009     -0.1516     -0.1585      0.3286      0.4544     -0.0065      0.1452      0.0781     -0.0288             favE
            NCS_0471     0.0721      0.0005     -0.1343     -0.0699      0.0652     -0.0762     -0.0046     -0.0910     -0.0665      0.0563             favE
            NCS_0473     0.0713      0.0023     -0.1338     -0.0559      0.0496     -0.0727     -0.0182     -0.0655     -0.0395      0.0749             favE
            NCS_0476     0.0729      0.0011     -0.1377     -0.0463      0.0683     -0.0830      0.0032     -0.1149     -0.0787      0.0459             favE
            NCS_0478     0.0723      0.0019     -0.1350     -0.0583      0.0546     -0.0537      0.0200     -0.0803     -0.0683      0.0686             favE
            NCS_0479     0.0716      0.0012     -0.1381     -0.0554      0.0611     -0.0838      0.0081     -0.0862     -0.0499      0.0679             favE
            NCS_2554     0.0733      0.0017     -0.1457     -0.1279      0.2386      0.2620      0.0130      0.0613      0.0150      0.0053             favE
            NCS_2555     0.0746      0.0010     -0.1495     -0.1515      0.3197      0.4434     -0.0042      0.1383      0.0786     -0.0244             favE
        cyrCAM040545    -0.1612     -0.1036      0.0350      0.0001      0.0016      0.0034     -0.0007     -0.0016     -0.0012     -0.0013             cyrN
        cyrCAM040578    -0.1634     -0.1059      0.0356      0.0015      0.0006      0.0014      0.0009     -0.0013     -0.0016     -0.0011             cyrN
        cyrCAM040584    -0.1639     -0.1064      0.0360      0.0011      0.0005      0.0036      0.0010     -0.0034     -0.0029     -0.0005             cyrN
        cyrCAM040673    -0.1631     -0.1056      0.0353      0.0006     -0.0000      0.0020      0.0016     -0.0023     -0.0013      0.0004             cyrN
        cyrCAM040692    -0.1624     -0.1062      0.0351      0.0006      0.0014      0.0026     -0.0012     -0.0026     -0.0025     -0.0012             cyrN
        cyrCAM040695    -0.1643     -0.1070      0.0359      0.0013      0.0006      0.0029      0.0010      0.0006     -0.0009      0.0009             cyrN
        cyrCAM040842    -0.1626     -0.1062      0.0356      0.0014      0.0014      0.0026      0.0004     -0.0023     -0.0030     -0.0020             cyrN
        cyrCAM040853    -0.1613     -0.1048      0.0344      0.0004      0.0002      0.0025     -0.0009     -0.0013     -0.0009      0.0003             cyrN
        cyrCAM040860    -0.1621     -0.1047      0.0354      0.0010      0.0010      0.0021      0.0004     -0.0029     -0.0022      0.0024             cyrN
        cyrCAM040861    -0.1628     -0.1050      0.0362      0.0005      0.0020      0.0022     -0.0015     -0.0019     -0.0014      0.0003             cyrN
              BC2565     0.1920     -0.0658      0.2207      0.0047      0.0015      0.0077      0.0007     -0.0006     -0.0006      0.0032             himS
              BC2566     0.1925     -0.0659      0.2203      0.0052      0.0002      0.0064      0.0002     -0.0022     -0.0018      0.0024             himS
              BC2567     0.1914     -0.0651      0.2190      0.0054      0.0006      0.0057      0.0000     -0.0001     -0.0006      0.0018             himS
              BC2570     0.1932     -0.0663      0.2230      0.0039      0.0002      0.0074      0.0008     -0.0015     -0.0008      0.0038             himS
          himera_001     0.1984     -0.0678      0.2346      0.0051      0.0026      0.0093      0.0004     -0.0005     -0.0015      0.0042             himN
          himera_002     0.1971     -0.0673      0.2301      0.0047      0.0020      0.0092      0.0009     -0.0013     -0.0019      0.0055             himN
          himera_003     0.1979     -0.0679      0.2333      0.0040      0.0025      0.0106     -0.0010     -0.0001     -0.0012      0.0047             himN
          himera_006     0.1969     -0.0677      0.2306      0.0038      0.0023      0.0098     -0.0001     -0.0009     -0.0005      0.0045             himN
          himera_030     0.1979     -0.0678      0.2329      0.0048      0.0026      0.0097      0.0001     -0.0009     -0.0012      0.0056             himN
          cyrbia_004    -0.1645     -0.1068      0.0358      0.0010      0.0013      0.0021      0.0002     -0.0023     -0.0015      0.0001             cyrS
          cyrbia_005    -0.1645     -0.1059      0.0366      0.0015      0.0009      0.0024      0.0010     -0.0006     -0.0017     -0.0005             cyrS
          cyrbia_023    -0.1649     -0.1066      0.0368      0.0025      0.0015      0.0026      0.0006     -0.0009     -0.0005     -0.0005             cyrS
          cyrbia_024    -0.1644     -0.1073      0.0365      0.0003      0.0007      0.0019      0.0004     -0.0023     -0.0020     -0.0007             cyrS
              BC2563     0.0692      0.0016     -0.1257     -0.0122     -0.0475     -0.1952     -0.0492      0.2218      0.2727     -0.3335             emmW
              BC2577     0.0683      0.0029     -0.1246     -0.0090     -0.0355     -0.1896     -0.0209      0.2035      0.2574     -0.2512             emmW
              BC2578     0.0696      0.0016     -0.1202     -0.0168     -0.0345     -0.1778     -0.0386      0.2165      0.2559     -0.2776             emmW
              BC2579     0.0758     -0.0020     -0.1013     -0.0200     -0.0238     -0.1815     -0.0128      0.1456      0.1837     -0.2046             emmW
              M_3654    -0.1487     -0.0489      0.0407      0.0022      0.0019      0.0018      0.0009      0.0013     -0.0004     -0.0010              ven
              M_3655    -0.1536     -0.0619      0.0399     -0.0001      0.0008      0.0020     -0.0004      0.0003      0.0014     -0.0009              ven
              M_3656    -0.1478     -0.0449      0.0402     -0.0001      0.0014      0.0014     -0.0003     -0.0002     -0.0013     -0.0010              ven
              M_3657    -0.1536     -0.0559      0.0414      0.0009      0.0007      0.0030      0.0008      0.0019      0.0018     -0.0007              ven
              M_3659    -0.1574     -0.0826      0.0371      0.0017      0.0031      0.0003      0.0001      0.0002      0.0005     -0.0034              ven
       STRI_WOM_5732     0.0707      0.0029     -0.1319     -0.0678     -0.3625      0.0629      0.1127      0.5951     -0.6699     -0.0480              phy
       STRI_WOM_5742     0.0711      0.0025     -0.1384     -0.1019     -0.5397      0.3197     -0.7019     -0.2363      0.0657     -0.0308              phy
       STRI_WOM_5765     0.0723      0.0013     -0.1394     -0.0964     -0.4995      0.2756      0.6978     -0.2723      0.2442     -0.0375              phy
              BC2635     0.0843     -0.0036     -0.1114     -0.0771      0.1052     -0.1421      0.0091     -0.2882     -0.2297     -0.2108             favW
              BC2637     0.0734      0.0017     -0.1402     -0.0831      0.1015     -0.1333      0.0187     -0.2989     -0.2471     -0.2009             favW
              BC2638     0.0733      0.0018     -0.1398     -0.0839      0.1079     -0.1361      0.0130     -0.2949     -0.2519     -0.2141             favW
