           #eigvals:     5.607     4.605     4.472     4.107     2.129     1.853     1.553     1.298     1.212     1.187 
            NCS_1671     0.0497      0.0047      0.0024     -0.0585      0.0409      0.0393     -0.0458     -0.1010     -0.0854     -0.1548             emmE
            NCS_1672     0.0501      0.0054      0.0032     -0.0589      0.0468      0.0470     -0.0481     -0.1019     -0.0676     -0.1801             emmE
            NCS_1673     0.0510      0.0049      0.0025     -0.0588      0.0494      0.0422     -0.0633     -0.1104     -0.1203     -0.2148             emmE
            NCS_1674     0.0497      0.0052      0.0011     -0.0596      0.0465      0.0400     -0.0314     -0.1434     -0.1369     -0.3548             emmE
            NCS_1675     0.0496      0.0061      0.0024     -0.0579      0.0492      0.0480     -0.0754     -0.1217     -0.0314     -0.1792             emmE
       STRI_WOM_0039    -0.0025     -0.0299      0.0140     -0.0265     -0.2166      0.0380     -0.0020      0.0036      0.0034     -0.0024             hydP
       STRI_WOM_0040    -0.0009     -0.0313      0.0133     -0.0269     -0.2267      0.0361      0.0000     -0.0016      0.0111      0.0025             hydP
       STRI_WOM_0042    -0.0030     -0.0300      0.0148     -0.0299     -0.2568      0.0457     -0.0082      0.0039      0.0129     -0.0025             hydP
       STRI_WOM_0088     0.0016     -0.0308      0.0126     -0.0270     -0.2150      0.0390     -0.0069      0.0039      0.0111      0.0014             hydP
       STRI_WOM_5193    -0.0041     -0.0296      0.0147     -0.0279     -0.2256      0.0381     -0.0080     -0.0023      0.0086     -0.0035             hydP
       STRI_WOM_5351    -0.0080     -0.0258      0.0162     -0.0257     -0.2079      0.0348     -0.0087      0.0045     -0.0055      0.0001             hydP
             BC_0411     0.0505      0.0047      0.0026     -0.0600      0.0554      0.0726      0.0875      0.0164     -0.0129     -0.0996              lat
        lativitta_02     0.0509      0.0052      0.0026     -0.0587      0.0528      0.0699      0.0763     -0.0130     -0.0105     -0.0859              lat
        lativitta_03     0.0505      0.0051      0.0023     -0.0591      0.0516      0.0827      0.0856      0.0185     -0.0096     -0.0881              lat
        lativitta_04     0.0508      0.0054      0.0033     -0.0564      0.0476      0.0681      0.0586     -0.0076     -0.0353     -0.1256              lat
                3661    -0.1071      0.0209     -0.3442      0.0492      0.0099     -0.0025     -0.0007      0.0001      0.0006      0.0010              che
                3662    -0.1075      0.0212     -0.3473      0.0489      0.0098     -0.0022     -0.0003      0.0009     -0.0001      0.0008              che
                3663    -0.1065      0.0204     -0.3450      0.0492      0.0092     -0.0027     -0.0004      0.0001      0.0007     -0.0000              che
                3664    -0.1074      0.0209     -0.3464      0.0495      0.0107     -0.0027     -0.0011      0.0008      0.0006     -0.0009              che
       STRI_WOM_0057    -0.1071      0.0207     -0.3447      0.0483      0.0103     -0.0031     -0.0016     -0.0002      0.0002      0.0006              che
       STRI_WOM_0058    -0.1087      0.0215     -0.3403      0.0487      0.0102     -0.0022     -0.0010      0.0009      0.0012      0.0006              che
       STRI_WOM_0059    -0.1056      0.0200     -0.3443      0.0485      0.0096     -0.0019     -0.0010      0.0009      0.0007      0.0004              che
                CA51    -0.0078     -0.4044      0.0280      0.1552      0.0741     -0.0118      0.0012      0.0001     -0.0015      0.0016              pet
                CA53    -0.0086     -0.4027      0.0280      0.1543      0.0714     -0.0117      0.0013     -0.0009     -0.0008      0.0008              pet
                CA54    -0.0076     -0.3990      0.0274      0.1526      0.0712     -0.0116      0.0006      0.0020      0.0007     -0.0009              pet
                CA55    -0.0085     -0.4019      0.0276      0.1544      0.0732     -0.0134      0.0000     -0.0012      0.0009      0.0005              pet
                CA56    -0.0085     -0.4001      0.0275      0.1534      0.0707     -0.0131      0.0010     -0.0020     -0.0023     -0.0002              pet
              BC2115     0.0499      0.0028      0.0012     -0.0638      0.0112     -0.1497      0.0033     -0.0191     -0.1699      0.0589              ama
              BC2124     0.0497      0.0035      0.0019     -0.0646      0.0055     -0.1498      0.0080     -0.0101     -0.1634      0.0717              ama
       STRI_WOM_5779     0.0490      0.0024      0.0023     -0.0630      0.0098     -0.1467      0.0056     -0.0037     -0.1397      0.0540              ama
       STRI_WOM_5780     0.0487      0.0031      0.0014     -0.0640      0.0063     -0.1487      0.0046     -0.0032     -0.1597      0.0555              ama
       STRI_WOM_5781     0.0493      0.0020      0.0019     -0.0646      0.0044     -0.1477      0.0064     -0.0078     -0.1465      0.0665              ama
           GS012redo     0.0543      0.0058      0.0035     -0.0629      0.0790      0.1150     -0.3958      0.4580     -0.0267      0.0175             favE
            NCS_0471     0.0517      0.0072      0.0031     -0.0586      0.0540      0.0686     -0.1500     -0.1380      0.0386     -0.0203             favE
            NCS_0473     0.0525      0.0068      0.0015     -0.0588      0.0573      0.0678     -0.1380     -0.1283     -0.0044     -0.0772             favE
            NCS_0476     0.0533      0.0078      0.0041     -0.0590      0.0595      0.0630     -0.1445     -0.1604      0.0122     -0.0009             favE
            NCS_0478     0.0527      0.0072      0.0024     -0.0575      0.0572      0.0693     -0.1490     -0.1264      0.0232     -0.0122             favE
            NCS_0479     0.0529      0.0060      0.0030     -0.0606      0.0577      0.0656     -0.1372     -0.1410      0.0497     -0.0167             favE
            NCS_2554     0.0534      0.0077      0.0030     -0.0613      0.0763      0.0983     -0.3254      0.2588     -0.0068      0.0089             favE
            NCS_2555     0.0536      0.0063      0.0028     -0.0631      0.0794      0.1123     -0.3857      0.4464     -0.0268      0.0185             favE
             BC_3277     0.0527      0.0066      0.0016     -0.0611      0.0706      0.1150      0.1556      0.0464      0.0279      0.0555              ety
             BC_3278     0.0521      0.0057      0.0016     -0.0623      0.0652      0.1106      0.1397      0.0502      0.0252      0.1051              ety
             BC_3280     0.0531      0.0063      0.0028     -0.0603      0.0609      0.0939      0.1229      0.0433      0.0035      0.0467              ety
             BC_3281     0.0520      0.0052      0.0019     -0.0618      0.0607      0.0902      0.1201      0.0408      0.0072      0.0295              ety
             BC_3282     0.0538      0.0060      0.0023     -0.0623      0.0642      0.1078      0.1226      0.0364      0.0023      0.0440              ety
        cyrCAM040545    -0.1778      0.0493      0.0981      0.0269      0.0392     -0.0079      0.0004      0.0023     -0.0016     -0.0001             cyrN
        cyrCAM040578    -0.1804      0.0496      0.1001      0.0269      0.0392     -0.0081      0.0014     -0.0007     -0.0030      0.0006             cyrN
        cyrCAM040584    -0.1814      0.0505      0.1006      0.0271      0.0402     -0.0079      0.0009      0.0013      0.0011      0.0024             cyrN
        cyrCAM040673    -0.1806      0.0506      0.1005      0.0268      0.0382     -0.0081      0.0007     -0.0011      0.0025     -0.0019             cyrN
        cyrCAM040692    -0.1786      0.0500      0.0997      0.0273      0.0396     -0.0077      0.0023     -0.0001      0.0013      0.0020             cyrN
        cyrCAM040695    -0.1803      0.0500      0.0998      0.0266      0.0398     -0.0084      0.0010      0.0022     -0.0024     -0.0013             cyrN
        cyrCAM040842    -0.1791      0.0506      0.1006      0.0271      0.0415     -0.0090      0.0001     -0.0002      0.0013      0.0013             cyrN
        cyrCAM040853    -0.1773      0.0488      0.0989      0.0260      0.0382     -0.0072      0.0004     -0.0003     -0.0001     -0.0012             cyrN
        cyrCAM040860    -0.1775      0.0500      0.0975      0.0263      0.0397     -0.0081      0.0008      0.0014      0.0005      0.0001             cyrN
        cyrCAM040861    -0.1792      0.0488      0.0988      0.0278      0.0402     -0.0060      0.0022     -0.0013     -0.0013     -0.0000             cyrN
              BC2565     0.1321      0.1168      0.0271      0.2546     -0.0087     -0.0068      0.0026      0.0047      0.0013     -0.0005             himS
              BC2566     0.1340      0.1182      0.0278      0.2582     -0.0100     -0.0082      0.0010      0.0023      0.0014      0.0024             himS
              BC2567     0.1328      0.1175      0.0271      0.2560     -0.0091     -0.0074      0.0027      0.0039      0.0005     -0.0004             himS
              BC2570     0.1326      0.1174      0.0276      0.2557     -0.0096     -0.0071      0.0033      0.0045      0.0009      0.0010             himS
          himera_001     0.1371      0.1231      0.0278      0.2699     -0.0105     -0.0092      0.0020      0.0052     -0.0004      0.0002             himN
          himera_002     0.1364      0.1212      0.0279      0.2656     -0.0091     -0.0090      0.0012      0.0057      0.0005      0.0003             himN
          himera_003     0.1366      0.1228      0.0284      0.2676     -0.0107     -0.0087      0.0014      0.0065     -0.0007      0.0003             himN
          himera_006     0.1358      0.1211      0.0280      0.2641     -0.0095     -0.0078      0.0008      0.0070     -0.0002      0.0018             himN
          himera_030     0.1361      0.1214      0.0277      0.2666     -0.0113     -0.0096      0.0017      0.0059     -0.0005      0.0014             himN
          cyrbia_004    -0.1815      0.0500      0.1002      0.0271      0.0406     -0.0071      0.0010      0.0008      0.0002     -0.0018             cyrS
          cyrbia_005    -0.1817      0.0501      0.0993      0.0273      0.0412     -0.0072      0.0012     -0.0012      0.0000     -0.0004             cyrS
          cyrbia_023    -0.1817      0.0495      0.0995      0.0271      0.0405     -0.0078      0.0016      0.0010      0.0013     -0.0009             cyrS
          cyrbia_024    -0.1805      0.0506      0.1006      0.0280      0.0409     -0.0074      0.0019      0.0017     -0.0009      0.0025             cyrS
              BC2563     0.0534      0.0070      0.0025     -0.0563      0.0474      0.0578      0.0353     -0.0505     -0.0513     -0.3577             emmW
              BC2577     0.0505      0.0051      0.0025     -0.0577      0.0455      0.0489      0.0391     -0.0304     -0.0692     -0.2152             emmW
              BC2578     0.0499      0.0074      0.0019     -0.0523      0.0387      0.0486      0.0245     -0.0409     -0.0724     -0.2215             emmW
              BC2579     0.0555      0.0113      0.0033     -0.0378      0.0465      0.0644      0.0355     -0.0516     -0.0332     -0.1626             emmW
             BC_0410     0.0526      0.0059      0.0018     -0.0604      0.0652      0.1054      0.1406      0.0524      0.0339      0.0823              not
             BC_3223     0.0529      0.0064      0.0014     -0.0601      0.0588      0.1009      0.1544      0.0602      0.0355      0.1012              not
             BC_3224     0.0526      0.0063      0.0014     -0.0588      0.0643      0.1079      0.1562      0.0594      0.0384      0.0979              not
             BC_3225     0.0515      0.0061      0.0018     -0.0616      0.0640      0.1027      0.1317      0.0551      0.0379      0.0864              not
             BC_3227     0.0518      0.0066      0.0010     -0.0591      0.0628      0.1054      0.1459      0.0671      0.0503      0.0914              not
             BC_3228     0.0512      0.0063      0.0018     -0.0615      0.0629      0.1102      0.1445      0.0590      0.0448      0.0791              not
        notabilis_01     0.0511      0.0056      0.0013     -0.0595      0.0633      0.0967      0.1383      0.0467      0.0036      0.0406              not
        notabilis_02     0.0529      0.0058      0.0012     -0.0622      0.0640      0.1100      0.1499      0.0555      0.0263      0.0859              not
        notabilis_03     0.0537      0.0068      0.0020     -0.0616      0.0681      0.1115      0.1710      0.0723      0.0451      0.1077              not
        notabilis_04     0.0530      0.0081      0.0017     -0.0600      0.0685      0.1152      0.1697      0.0747      0.0433      0.0982              not
             Pet_ED3    -0.0043     -0.0339      0.0155     -0.0246     -0.2317      0.0437      0.0001      0.0097      0.0142      0.0116              dem
             Pet_ED4    -0.0051     -0.0304      0.0157     -0.0258     -0.2313      0.0409     -0.0059      0.0092      0.0127      0.0045              dem
             Pet_ED5    -0.0023     -0.0304      0.0138     -0.0274     -0.2303      0.0439     -0.0022      0.0014      0.0021      0.0014              dem
             Pet_ED6    -0.0008     -0.0339      0.0116     -0.0260     -0.2348      0.0444     -0.0065      0.0016      0.0221      0.0069              dem
       STRI_WOM_0033    -0.0098     -0.0229      0.0168     -0.0264     -0.2159      0.0380     -0.0025     -0.0003      0.0132      0.0069              dem
       STRI_WOM_0082    -0.0061     -0.0283      0.0160     -0.0291     -0.2155      0.0361     -0.0021     -0.0058      0.0056      0.0132              dem
       STRI_WOM_0087    -0.0062     -0.0245      0.0136     -0.0274     -0.2265      0.0392     -0.0079      0.0105      0.0079      0.0014              dem
         STRIWOM1284    -0.0005     -0.0293      0.0133     -0.0264     -0.2384      0.0474     -0.0034      0.0124      0.0124      0.0020              dem
         STRIWOM5353    -0.0149     -0.0226      0.0201     -0.0244     -0.1942      0.0319     -0.0041      0.0073      0.0044      0.0027              dem
         STRIWOM5362    -0.0030     -0.0272      0.0155     -0.0281     -0.2115      0.0336     -0.0016      0.0073      0.0040     -0.0000              dem
              M_3654    -0.1679      0.0447      0.0426      0.0292      0.0281     -0.0060     -0.0007      0.0018     -0.0024      0.0028              ven
              M_3655    -0.1706      0.0462      0.0530      0.0280      0.0276     -0.0057     -0.0018     -0.0028     -0.0034      0.0006              ven
              M_3656    -0.1683      0.0446      0.0448      0.0282      0.0266     -0.0050      0.0007     -0.0008      0.0011      0.0013              ven
              M_3657    -0.1714      0.0474      0.0472      0.0292      0.0300     -0.0065     -0.0006     -0.0014     -0.0032      0.0004              ven
              M_3659    -0.1737      0.0475      0.0793      0.0264      0.0336     -0.0068     -0.0025     -0.0045     -0.0000      0.0033              ven
            NCS_1179     0.0527      0.0036      0.0028     -0.0679      0.0106     -0.1894      0.0005      0.0140     -0.0800      0.0635            hydFG
            NCS_1979     0.0515      0.0032      0.0006     -0.0677      0.0147     -0.1931      0.0072      0.0212     -0.0430      0.0498            hydFG
            NCS_2080     0.0522      0.0037      0.0010     -0.0681      0.0126     -0.1950     -0.0002      0.0085     -0.0853      0.0716            hydFG
            NCS_2211     0.0512      0.0029      0.0020     -0.0672      0.0136     -0.1894      0.0135     -0.0010     -0.1336      0.0831            hydFG
            NCS_2217     0.0535      0.0037      0.0020     -0.0685      0.0107     -0.1970      0.0103     -0.0031     -0.1084      0.0904            hydFG
            NCS_2574     0.0518      0.0036      0.0012     -0.0704      0.0194     -0.2395      0.0071      0.0461      0.2860     -0.0844            hydFG
            NCS_2581     0.0524      0.0029      0.0025     -0.0704      0.0153     -0.2435      0.0237      0.0794      0.5124     -0.1803            hydFG
            NCS_2609     0.0537      0.0042      0.0012     -0.0732      0.0196     -0.2693      0.0214      0.0811      0.5384     -0.1881            hydFG
              BC2635     0.0604      0.0152      0.0040     -0.0380      0.0637      0.0789     -0.1943     -0.2983      0.1478      0.2570             favW
              BC2637     0.0539      0.0071      0.0027     -0.0591      0.0658      0.0819     -0.2062     -0.3122      0.1598      0.2572             favW
              BC2638     0.0530      0.0064      0.0024     -0.0598      0.0648      0.0765     -0.2082     -0.3143      0.1589      0.2702             favW
            NCS_2005     0.0522      0.0028      0.0019     -0.0664      0.0127     -0.1712      0.0052      0.0014     -0.1220      0.0646              era
            NCS_2012     0.0513      0.0039      0.0017     -0.0664      0.0121     -0.1814     -0.0005      0.0040     -0.0886      0.0497              era
            NCS_2020     0.0525      0.0029      0.0019     -0.0689      0.0174     -0.1985      0.0040      0.0214     -0.0525      0.0510              era
            NCS_2023     0.0510      0.0028      0.0023     -0.0682      0.0128     -0.1930      0.0039      0.0170     -0.0429      0.0415              era
            NCS_2025     0.0525      0.0042      0.0033     -0.0690      0.0163     -0.1810      0.0088      0.0098     -0.0455      0.0325              era
            NCS_2556     0.0505      0.0021      0.0015     -0.0647      0.0102     -0.1659      0.0041      0.0070     -0.1053      0.0684              era
