           #eigvals:     5.541     3.778     1.715     1.475     1.360     1.275     1.253     1.242     1.238     1.229 
           GS020redo     0.0591      0.1614      0.6534      0.1487      0.0427      0.0276      0.0037      0.0097     -0.0234      0.0020             emmE
           GS021redo     0.0588      0.1607      0.6470      0.1481      0.0407      0.0241      0.0055      0.0051     -0.0172     -0.0018             emmE		
            NCS_1671     0.0542      0.1374     -0.0304     -0.1431     -0.0932     -0.5151     -0.5176      0.2349     -0.5246     -0.0458             emmE	
            NCS_1672     0.0545      0.1369     -0.0288     -0.1503     -0.0716     -0.2052     -0.0348     -0.2010      0.4287      0.2889             emmE		
            NCS_1673     0.0547      0.1385      0.0080     -0.1109     -0.0525     -0.2989      0.0049     -0.1998      0.4224     -0.1418             emmE		
            NCS_1674     0.0542      0.1373     -0.0294     -0.1866     -0.1353     -0.3019      0.8229      0.0345     -0.3013     -0.1482             emmE		
            NCS_1675     0.0542      0.1364     -0.0372     -0.1033     -0.0039     -0.2038     -0.0729      0.0455      0.0365      0.0386             emmE	
           GS012redo     0.0601      0.1578     -0.1919      0.5359     -0.1884      0.0323      0.0211      0.0035     -0.0361     -0.0033             favE		
            NCS_0471     0.0577      0.1411     -0.0830     -0.0350      0.1280     -0.0503     -0.0369      0.0072      0.1796     -0.0179             favE		
            NCS_0473     0.0573      0.1402     -0.0673     -0.0358      0.0870     -0.0743      0.0325      0.0323      0.1062      0.0340             favE		
            NCS_0476     0.0585      0.1444     -0.0631     -0.0366      0.1507     -0.0405      0.0038     -0.0174      0.0755      0.0307             favE		
            NCS_0478     0.0578      0.1423     -0.0694     -0.0234      0.1155     -0.0704     -0.0629      0.0100      0.1230      0.0444             favE		
            NCS_0479     0.0575      0.1442     -0.0687     -0.0419      0.1118     -0.0534     -0.0445     -0.0149      0.0617      0.0060             favE		
            NCS_2554     0.0588      0.1521     -0.1539      0.3344     -0.0715     -0.0074     -0.0003     -0.0097      0.0172     -0.0144             favE		
            NCS_2555     0.0596      0.1561     -0.1839      0.5235     -0.1841      0.0285      0.0215      0.0151     -0.0391      0.0013             favE		
        cyrCAM040545    -0.2073     -0.0700      0.0004      0.0050      0.0022      0.0016     -0.0002      0.0013     -0.0002      0.0017             cyrN
        cyrCAM040578    -0.2094     -0.0708      0.0020      0.0036      0.0012      0.0021      0.0006     -0.0009     -0.0013     -0.0016             cyrN
        cyrCAM040584    -0.2102     -0.0715      0.0017      0.0050      0.0037      0.0006      0.0021      0.0004      0.0006     -0.0005             cyrN
        cyrCAM040673    -0.2095     -0.0707      0.0007      0.0029      0.0027     -0.0004     -0.0006      0.0002     -0.0003     -0.0017             cyrN
        cyrCAM040692    -0.2095     -0.0709      0.0010      0.0045      0.0034      0.0016     -0.0016      0.0001     -0.0009     -0.0020             cyrN
        cyrCAM040695    -0.2118     -0.0717      0.0020      0.0046      0.0003      0.0003     -0.0001     -0.0001      0.0007      0.0002             cyrN
        cyrCAM040842    -0.2100     -0.0716      0.0016      0.0054      0.0041      0.0018      0.0009      0.0007      0.0000      0.0020             cyrN
        cyrCAM040853    -0.2075     -0.0692      0.0012      0.0035      0.0006      0.0001     -0.0004     -0.0005      0.0003      0.0014             cyrN
        cyrCAM040860    -0.2089     -0.0706      0.0016      0.0037      0.0026     -0.0021     -0.0009     -0.0003      0.0005      0.0013             cyrN
        cyrCAM040861    -0.2097     -0.0712      0.0004      0.0035      0.0026      0.0005      0.0000     -0.0002      0.0004     -0.0010             cyrN
              BC2565     0.1820     -0.2270      0.0052      0.0085      0.0008     -0.0038      0.0021      0.0019      0.0016      0.0001             himS
              BC2566     0.1818     -0.2259      0.0058      0.0064      0.0024     -0.0030      0.0007      0.0012      0.0006     -0.0013             himS
              BC2567     0.1809     -0.2244      0.0055      0.0060      0.0003     -0.0024      0.0010     -0.0014      0.0010     -0.0004             himS
              BC2570     0.1830     -0.2295      0.0043      0.0074      0.0009     -0.0041      0.0012     -0.0011      0.0014     -0.0007             himS
          himera_001     0.1886     -0.2409      0.0053      0.0108      0.0009     -0.0044      0.0008      0.0013      0.0006     -0.0005             himN
          himera_002     0.1868     -0.2359      0.0051      0.0098      0.0012     -0.0058      0.0014      0.0017      0.0006      0.0004             himN
          himera_003     0.1879     -0.2397      0.0043      0.0113     -0.0002     -0.0053      0.0010     -0.0003      0.0011     -0.0003             himN
          himera_006     0.1866     -0.2366      0.0042      0.0101     -0.0003     -0.0045      0.0011      0.0018      0.0014     -0.0006             himN
          himera_030     0.1880     -0.2388      0.0048      0.0109      0.0010     -0.0053      0.0007      0.0016      0.0016      0.0006             himN
          cyrbia_004    -0.2120     -0.0720      0.0014      0.0041      0.0025      0.0008      0.0012      0.0019      0.0002      0.0012             cyrS
          cyrbia_005    -0.2103     -0.0716      0.0015      0.0035      0.0013      0.0010      0.0011      0.0004     -0.0023      0.0004             cyrS
          cyrbia_023    -0.2119     -0.0725      0.0030      0.0049      0.0004      0.0017     -0.0001      0.0004     -0.0017     -0.0020             cyrS
          cyrbia_024    -0.2123     -0.0728      0.0011      0.0031      0.0028      0.0004      0.0004      0.0005      0.0019     -0.0019             cyrS
              BC2563     0.0559      0.1314     -0.0156     -0.2170     -0.3094      0.3317     -0.1021      0.3118      0.1966     -0.6931             emmW
              BC2577     0.0550      0.1320     -0.0121     -0.2148     -0.3114      0.3063      0.0821      0.4410     -0.0164      0.6164             emmW
              BC2578     0.0557      0.1277     -0.0166     -0.1975     -0.3006      0.2722     -0.1127     -0.7530     -0.3314      0.0165             emmW
              BC2579     0.0630      0.1073     -0.0231     -0.1886     -0.2038      0.2185     -0.0860      0.0053      0.0149      0.0620             emmW
              BC2635     0.0708      0.1171     -0.0947     -0.0529      0.3891      0.2039      0.0212      0.0085     -0.1524     -0.0139             favW
              BC2637     0.0587      0.1462     -0.0992     -0.0483      0.4067      0.1914      0.0358      0.0076     -0.1100     -0.0215             favW
              BC2638     0.0585      0.1470     -0.1042     -0.0433      0.4160      0.2137      0.0033      0.0133     -0.1183     -0.0341             favW
